251.16119999999998,12.533,116.43128812044267,54.51575404034176,100.000000
250.94459999999998,11.889999999999999,120.54394041210942,52.683984303508524,100.000000
250.5916,13.746799999999999,119.61609589192709,52.91341189512511,100.000000
251.3698,12.533,136.83095770377602,54.37690091219644,90.000000
252.2924,12.533,136.85693027994793,54.388372961498334,90.000000
250.9526,16.4512,182.46717694986975,55.96691506963922,90.000000
253.98919999999998,12.4676,180.54085388932288,56.16660528088091,90.000000
254.42239999999998,13.314,168.26948216406248,56.236908975988044,90.000000
254.63899999999998,11.889999999999999,151.915095671875,55.9120639420986,90.000000
254.63899999999998,12.533,151.80214867968752,56.00927216760822,90.000000
254.63899999999998,12.533,151.56051259960932,55.85619714365924,90.000000
254.49459999999996,11.667,151.24967142708329,55.91873936940257,90.000000
254.56679999999997,11.391399999999999,152.0262240188802,55.85713539321339,90.000000
254.63899999999998,11.319199999999999,151.15827579622393,55.799209495782954,90.000000
254.78339999999997,12.455599999999999,150.8936971393229,55.657909490381066,90.000000
254.56679999999997,11.531799999999999,155.51920739322915,55.67083036781243,90.000000
254.63899999999998,11.889999999999999,151.7336080911458,55.61722196548734,90.000000
254.99999999999997,12.533,151.80670097656244,55.61746186429734,90.000000
254.78339999999997,11.391399999999999,151.4752237845052,55.617150791455416,90.000000
254.63899999999998,12.533,151.5074473730469,55.59706577822753,90.000000
254.56679999999997,12.034399999999998,151.05533257812496,55.52981310490039,90.000000
254.78339999999997,12.533,154.81634894466143,55.54854133443474,90.000000
254.56679999999997,12.034399999999998,154.68275759244796,55.51789093378155,90.000000
254.42239999999998,12.455599999999999,154.97842935221354,55.48715066658745,90.000000
254.78339999999997,12.533,154.52662876106766,55.54836826022986,90.000000
254.63899999999998,12.455599999999999,154.4762639622396,55.54401411035477,90.000000
254.56679999999997,12.533,154.6960887376302,55.36850545329897,90.000000
254.56679999999997,12.533,154.69226294856767,55.320456990835524,90.000000
254.56679999999997,11.8126,154.36768649088538,55.358384389697044,90.000000
254.56679999999997,12.034399999999998,154.02376273958336,55.43037188615691,90.000000
254.56679999999997,12.6052,154.30916084635416,55.511041710415554,90.000000
254.42239999999998,12.102599999999999,154.25770813151038,55.60282099311493,90.000000
254.56679999999997,12.455599999999999,154.10407696158848,55.68535525663763,90.000000
254.56679999999997,12.034399999999998,154.2167817643229,55.7223445047646,90.000000
254.42239999999998,11.956999999999999,153.82703363216146,55.775345451355264,90.000000
254.56679999999997,12.533,153.81936060742188,55.70783496357565,90.000000
254.42239999999998,12.455599999999999,153.93211803971354,55.69693388973117,90.000000
254.56679999999997,12.533,154.17832513020835,55.75273565292501,90.000000
254.35019999999997,12.034399999999998,154.0612012923177,55.813567533988646,90.000000
254.56679999999997,11.8888,154.1098360748698,55.79656019810984,90.000000
254.63899999999998,12.106599999999998,154.15883590104167,55.86310987643473,90.000000
254.56679999999997,12.6012,154.45947129036455,55.81112691576475,90.000000
254.56679999999997,12.455599999999999,154.74217019401038,55.84739623772448,90.000000
254.42239999999998,12.034399999999998,155.25698951236976,55.92244382607231,90.000000
254.99999999999997,12.034399999999998,151.6450331790365,55.95123020602,90.000000
254.56679999999997,12.6052,151.48099325911454,56.006330638992374,80.000000
254.56679999999997,12.034399999999998,151.6278134433593,56.0659128909213,80.000000
254.63899999999998,13.0316,146.63400102864586,59.36138600324502,80.000000
254.56679999999997,12.102599999999999,142.3878054270833,62.187179032446174,80.000000
254.63899999999998,12.533,144.88563319401038,62.567158093232024,80.000000
254.63899999999998,12.533,148.75310113867184,60.710650196159,80.000000
254.63899999999998,11.889999999999999,153.97960485091141,57.603607595419305,80.000000
254.63899999999998,11.889999999999999,157.91867396289064,51.465434321641325,80.000000
254.63899999999998,12.531799999999999,157.5386766816406,51.23301749193186,90.000000
198.6774,19.882799999999996,122.1067492083333,37.56330821023444,90.000000
251.37779999999998,17.3032,160.58442543098954,43.24138420241828,90.000000
253.0786,26.2992,171.9953273841146,44.39581308340156,90.000000
252.97839999999997,25.712799999999998,169.6254722669271,44.359840440265934,90.000000
252.2362,30.2378,171.09994459049477,44.594614378833406,80.000000
252.20819999999998,27.2104,171.36453057552086,44.09251205357826,80.000000
252.7176,24.921599999999998,170.99835854882812,44.9479951828831,80.000000
251.6586,28.501399999999997,170.11977313346355,45.22230328817996,80.000000
252.20019999999997,28.9272,168.91867406510414,45.35094100450325,80.000000
253.05059999999997,20.9266,168.99853199804687,45.524036087378754,80.000000
253.19499999999996,17.804599999999997,168.88740341471353,45.14166741387816,80.000000
252.3004,23.7284,168.977693828125,44.77293877792019,80.000000
253.48379999999997,24.9822,169.86690751822917,45.649999647853775,80.000000
252.97839999999997,31.1066,168.58278003255208,45.733957362010344,80.000000
253.1508,24.1026,167.73202634765627,45.99241811038881,80.000000
252.83399999999997,28.449199999999998,168.08827465820312,46.26113621217645,80.000000
253.48379999999997,22.950200000000002,167.4007634303385,46.048342835735276,80.000000
253.26719999999997,26.117,168.48175876171874,46.56278125577467,80.000000
253.33939999999996,27.287599999999998,167.8905084700521,46.12557852175018,80.000000
252.0116,17.379399999999997,168.82008421679686,45.99079756198978,80.000000
251.84319999999997,21.590799999999998,168.88963500846353,45.997344249047856,80.000000
253.19499999999996,17.6518,167.83266275716144,46.28529824719775,80.000000
253.48379999999997,19.9684,168.0784992942708,46.586082976287294,80.000000
251.2334,16.528599999999997,167.48324100065102,46.44785279070515,80.000000
252.98239999999998,21.4516,168.044601358724,46.514912350353065,80.000000
253.26719999999997,19.4184,168.07760284179685,46.428345275504235,80.000000
251.3858,23.261399999999995,167.88928277539063,46.2344416531146,80.000000
253.70039999999997,26.926199999999998,168.6454603320312,46.31521215401366,80.000000
253.33939999999996,22.652199999999997,171.67921540950522,46.575969586341714,80.000000
252.7216,29.206999999999997,171.73663321223958,46.51299160549554,80.000000
253.26719999999997,27.939799999999998,171.90755801106775,46.51909516291791,80.000000
253.12279999999998,16.3642,167.38177528255204,45.84718062478506,80.000000
253.33939999999996,22.2274,168.31672377213542,45.99496083082212,80.000000
252.2282,23.0854,168.8558542454427,45.94356715769231,80.000000
253.05059999999997,22.373,169.36181756835944,46.119968828765266,80.000000
253.19499999999996,22.5106,168.79680668684892,46.05740664981157,80.000000
252.97839999999997,28.7822,168.69474370377603,46.03492141130795,80.000000
253.26719999999997,25.784599999999998,167.45041999088542,46.64940025110174,80.000000
252.2362,17.5544,167.72425788867184,48.2775181439392,80.000000
253.08659999999998,13.2812,164.0856680846354,49.818779466401914,80.000000
253.08659999999998,15.347,164.8907098313802,49.658196117569865,80.000000
250.62779999999998,19.2836,162.68052414388023,51.14742469904439,80.000000
250.748,14.2142,160.82606814192704,52.024456763880075,80.000000
253.08659999999998,12.7432,159.56264462174482,52.61157582866462,80.000000
252.6614,12.7432,157.46816875911458,53.17026666007914,80.000000
252.2362,32.3754,157.09043034505203,51.978782351012036,80.000000
251.81099999999998,35.7284,168.96107043098954,45.68011697438713,80.000000
253.41159999999996,21.8046,171.4693258014323,44.6268046808037,80.000000
253.08659999999998,16.6012,170.36565711328123,44.882044953101136,80.000000
253.08659999999998,28.4702,169.77255231575518,45.64903947046518,80.000000
251.6586,20.085399999999996,168.80774160937497,45.89817385080022,80.000000
252.90619999999996,22.0722,168.23571564583332,45.971761946820564,80.000000
253.08659999999998,20.798199999999998,167.8898532864583,45.93098727434075,80.000000
252.61739999999998,27.3794,168.08669584830727,46.2058463568271,80.000000
252.54919999999998,22.009200000000003,168.6996087923177,46.15696093642019,80.000000
252.03979999999996,27.9422,168.87618296940104,45.980191305619,80.000000
252.6614,21.836199999999998,168.70128643880204,45.67811996399323,80.000000
250.736,26.6012,167.6990704791666,46.61809963935508,80.000000
252.86999999999998,26.842,167.97754968554685,46.940181782989924,80.000000
253.50379999999998,25.637,167.27013953125007,47.003823619127665,80.000000
253.72039999999998,28.7822,167.79217295638017,46.86134757998857,80.000000
252.86999999999998,18.2074,167.57861456575526,46.80422492253514,80.000000
252.2362,20.3936,167.49022754687496,46.8549679750364,80.000000
251.3858,18.986,167.42781705208333,46.77715788539106,80.000000
253.2952,21.5932,167.50397389192707,46.70725414229778,80.000000
254.42239999999998,21.814999999999998,167.9731782135417,46.60451391597599,80.000000
252.6614,23.7822,168.15868856835934,46.70520208925436,80.000000
251.3858,33.65219999999999,167.82295247851562,46.55872460601254,80.000000
253.93699999999998,29.123199999999997,168.28121327473957,46.64271935569802,80.000000
254.63899999999998,20.3792,168.0729091165364,46.709151483528736,80.000000
250.5916,19.3494,168.184394516276,46.375207207905234,80.000000
251.0168,20.9846,169.1358805742188,45.400266101305995,80.000000
252.34459999999996,30.026399999999995,171.1179568652344,44.78543773782517,80.000000
251.81099999999998,25.2274,172.20807582291664,44.06156662374027,80.000000
251.3858,29.8126,172.64847079622396,44.14158768659086,80.000000
251.3618,27.164,167.164915375,43.62721567639232,80.000000
251.37779999999998,20.9266,170.0887679889323,44.96488554774923,80.000000
253.26719999999997,22.379399999999997,168.96957806445312,45.372105772301566,80.000000
252.54919999999998,20.0092,169.08477919401042,45.2793449358583,80.000000
252.6214,15.8046,169.2288314042969,45.09353987480044,80.000000
253.33939999999996,22.2298,169.29415591210935,45.45026534265138,80.000000
252.91019999999997,21.0722,169.86511679882818,45.78785047060537,80.000000
251.42199999999997,24.9422,169.56638372135413,45.74542664946814,80.000000
251.54639999999998,20.993599999999997,169.06767446419275,45.59190292510906,80.000000
251.3858,25.061799999999998,170.16131348958328,45.83040622961334,80.000000
254.3542,23.2836,170.06667446158858,45.7607573409515,80.000000
252.55719999999997,26.455599999999997,169.2354517454427,45.27499487648815,80.000000
253.33939999999996,28.6224,169.67376163867192,45.553478151636085,80.000000
253.78459999999998,28.2378,170.17555657682288,45.531796165777685,80.000000
253.26719999999997,23.1828,169.92371790755206,45.29270269030615,80.000000
252.68959999999998,24.61,170.31840649869795,45.46015357582997,80.000000
253.5118,26.926599999999997,168.79411867187494,44.76629047603165,80.000000
253.19499999999996,28.3734,169.26377821549477,44.85405538649711,80.000000
250.88439999999997,21.484199999999998,169.33090999153643,45.02284415212596,80.000000
251.771,22.6326,168.8337030442708,45.24545075043121,80.000000
251.17319999999998,25.4516,169.10444478385415,45.02626777327556,80.000000
251.52100000000002,28.813,169.1081550221354,45.10980516942693,80.000000
253.08659999999998,24.009199999999996,168.96016959895832,45.170545963274606,80.000000
252.90619999999996,29.3794,168.64098351822915,45.28570372076671,80.000000
253.55599999999998,28.663,169.2872894231771,45.60579042719585,80.000000
252.6214,19.922200000000004,169.25972115039062,45.52868450458277,80.000000
251.442,23.588800000000003,168.993526984375,45.51861225221583,80.000000
250.79219999999998,19.2876,169.12081440169274,45.31837621064207,80.000000
251.3858,21.5106,169.03544771158855,45.42247390414315,80.000000
252.6614,26.5014,169.30812900585937,45.41082888050168,80.000000
251.81099999999998,22.061799999999998,169.84135843619788,45.77127942041559,80.000000
253.05059999999997,25.5932,169.4318189082031,45.726514522757036,80.000000
252.61739999999998,25.1026,169.6799345800781,45.7435058616445,80.000000
252.90619999999996,27.296799999999998,169.76286652278645,45.638917291255424,80.000000
253.08659999999998,23.7536,169.77250346679693,45.4711460036958,80.000000
253.2952,29.3794,170.077860109375,45.566760561675004,80.000000
252.862,25.939799999999998,169.9251178177083,45.75001109287279,80.000000
252.2362,26.3754,169.85989481249993,45.820729410231806,80.000000
252.83399999999997,30.2054,169.64620337369783,45.71529967374037,80.000000
250.52739999999997,23.7982,169.9424758177083,45.76572406685714,80.000000
251.6586,31.296799999999998,170.33201242968752,46.06772186473198,80.000000
253.12279999999998,22.069799999999997,169.80967799609382,45.808399301029226,80.000000
253.26719999999997,22.026400000000002,169.59145126822915,45.57447498023164,80.000000
250.96059999999997,23.891199999999998,169.53876999153644,45.580073698835555,80.000000
252.68959999999998,23.7284,169.76121890104162,45.61711022390748,80.000000
252.97839999999997,23.1616,170.0256702526042,45.64804337006037,80.000000
253.50379999999998,23.7284,170.3512975091146,45.955454212343994,80.000000
252.69759999999997,20.9266,170.15444183268227,46.02439237070137,80.000000
253.0786,19.016,169.99476065885418,45.898810506784656,80.000000
253.33939999999996,24.255,170.66427871419273,45.86790017331081,80.000000
252.481,29.9502,170.35454977799478,45.48485193939866,80.000000
252.86999999999998,26.858800000000002,170.02252120052086,45.246185418041655,80.000000
253.26719999999997,30.164,170.17752221614583,45.200538404455216,80.000000
253.19499999999996,32.373,170.00145254101565,45.11547498937704,80.000000
251.26959999999997,31.283199999999997,169.50655504101562,44.64943137078824,80.000000
253.55599999999998,24.0854,170.08094136523437,44.83593598194576,80.000000
251.8352,21.988599999999998,170.01144299283848,44.90453106370217,80.000000
252.15999999999997,32.5868,170.08536308333333,45.032383880324204,80.000000
251.9462,29.9266,170.15500465104168,44.96540116880276,80.000000
252.90619999999996,19.4408,170.81765424869798,45.153649419177555,80.000000
252.41279999999998,25.1616,170.78849305403648,45.30053698735409,80.000000
252.6614,25.3032,170.8271603242187,45.38028254277094,80.000000
252.68959999999998,25.2226,170.55706976497393,45.337800466126765,80.000000
252.509,24.743199999999998,170.2710943964844,45.25381080959643,80.000000
252.0196,24.866,170.62934299804684,45.58285349546439,80.000000
253.12279999999998,28.072199999999995,170.16420246419273,45.49253039187106,80.000000
252.0918,17.3032,170.3038274583334,45.50357033225496,80.000000
251.8752,27.287599999999998,170.05381288802084,45.574217692417236,80.000000
252.83399999999997,28.3056,170.10213920898437,45.62628270727222,80.000000
252.91019999999997,26.815,170.1297764114583,45.662539707529,80.000000
252.05179999999996,26.0854,170.14368475911456,45.57775619288583,80.000000
253.08659999999998,18.4516,169.95064331445306,45.516612555801885,80.000000
252.20019999999997,30.153599999999997,170.01545711783854,45.620037449273966,80.000000
252.33659999999998,26.821399999999997,170.2233346451823,45.64825157828763,80.000000
253.12279999999998,26.296799999999998,170.19069322656244,45.452973555330075,80.000000
252.97839999999997,25.873999999999995,169.94996598502604,45.375781901901874,80.000000
251.97959999999998,30.874,169.9638936386719,45.340325208795676,80.000000
252.83399999999997,29.458,169.5252047259115,45.26693498694732,80.000000
253.19499999999996,28.829399999999996,169.39365909114582,45.26569954501455,80.000000
251.8512,21.0264,169.25603843815108,45.2248068439658,80.000000
253.12279999999998,24.433999999999997,169.1691900266927,45.27170832593825,80.000000
252.83399999999997,30.7456,169.35443209700517,45.40902136820761,80.000000
252.6454,35.956999999999994,169.43729301888015,45.540436802406,80.000000
253.33939999999996,29.2992,169.8745672252604,45.743521875313306,70.000000
251.2254,30.1026,168.8228891647135,45.59734443094636,80.000000
253.48379999999997,27.4516,169.73413196028645,45.81383580665467,80.000000
252.19619999999998,28.7532,169.93056176367188,45.92087178202801,80.000000
250.53539999999998,29.5868,169.2371435065104,45.95302529776141,80.000000
251.51019999999997,28.2992,169.53475771679686,46.075452025617615,80.000000
252.83399999999997,26.874000000000002,169.93207823111976,46.228401385022856,80.000000
252.90619999999996,30.3204,169.44719433593747,46.158719559572354,80.000000
252.40079999999998,24.6694,169.3659848300781,46.288113930094056,80.000000
253.12279999999998,30.501399999999997,169.0384764928385,46.22350777221256,80.000000
252.2282,18.728399999999997,169.02871219010422,46.26066987440459,80.000000
251.40599999999995,28.603599999999997,169.51464556510416,46.438388131365656,80.000000
253.0546,26.9714,169.5966835214844,46.58627365606332,80.000000
253.19499999999996,20.4516,169.5822763151042,46.23802203845643,80.000000
250.9406,23.531399999999998,169.91289744661458,46.38759074311687,80.000000
253.48379999999997,29.011599999999998,169.47686607421872,46.35833649547361,80.000000
253.48379999999997,28.146,169.8502081679687,46.472933997044706,80.000000
251.81099999999998,33.7718,170.0150876914062,46.56468866075755,80.000000
252.86999999999998,30.7284,169.73683374479165,46.41869431386975,80.000000
253.77259999999995,33.8784,170.1935711490885,46.22846351389101,80.000000
252.06379999999996,33.2876,170.14438884309897,46.06914043458653,80.000000
251.83919999999995,30.3032,170.01913787499996,45.76953464187382,80.000000
253.576,23.636599999999998,169.9735424498698,45.609766668458384,80.000000
252.7256,26.926599999999997,170.13240355729167,45.680562309182356,80.000000
253.12279999999998,27.250000000000004,170.19357556705728,45.725252699360816,80.000000
253.28719999999998,28.2992,170.10898836132807,45.7486350442931,80.000000
252.29639999999998,29.334799999999998,170.27512449023436,45.85404898885036,80.000000
253.48379999999997,35.0092,169.7605721080729,45.85441563831064,80.000000
253.33939999999996,23.2992,169.6537921419271,45.89382310284826,70.000000
252.27239999999995,30.3754,170.08337934114584,45.97602229484136,80.000000
252.83399999999997,22.586800000000004,169.91933856705734,45.817201037648836,80.000000
252.6614,33.3136,169.795646016276,45.534268257836025,80.000000
252.83399999999997,19.3754,170.00957839843753,45.34460767298198,70.000000
251.81099999999998,32.7064,170.8589586796875,45.46709140972718,80.000000
253.48379999999997,26.2836,171.03265751106773,45.491314922579036,70.000000
251.3698,18.009199999999996,170.05883983984373,45.031850912580104,80.000000
251.59839999999997,22.4516,171.15509674934896,45.35385320203381,80.000000
251.81099999999998,23.485000000000003,165.98094703450522,44.90353727963053,80.000000
252.86999999999998,28.9422,165.6102069394531,44.776852818500174,80.000000
252.0838,29.425200000000004,171.0323969205729,45.127322444974,80.000000
252.43679999999998,30.3032,171.873739983724,45.14021157009892,80.000000
254.63899999999998,26.3136,171.81457889973956,45.31795493594974,70.000000
252.37659999999997,27.6774,171.33590817708327,45.026823977067544,80.000000
251.3858,18.0854,166.02575768359378,44.37877728510891,80.000000
250.3806,17.0854,160.78006908072916,43.81476785662794,80.000000
253.93699999999998,20.789,166.3685713938802,44.47137460455024,80.000000
251.0918,25.9936,166.3649842161458,44.30988677083655,80.000000
251.442,22.164,166.2409404733073,44.269484917190674,80.000000
253.08659999999998,25.999999999999996,166.37674758333335,44.384603600597515,80.000000
251.517,25.4188,166.23748989322914,44.484333267440554,80.000000
251.6214,23.313599999999997,166.24537822656248,44.58205189280843,80.000000
251.3858,25.1828,166.10625434505204,44.52248418664701,80.000000
253.2952,28.909399999999998,166.14797769335942,44.45751179729601,80.000000
252.6614,26.145999999999997,171.37708010091143,44.98217932732235,80.000000
251.45,28.163999999999998,171.50225454882806,45.11830465051967,80.000000
253.2952,23.016000000000002,170.9247400963542,44.89700214255137,80.000000
250.8002,24.804599999999997,165.2226910904948,44.283087512885,80.000000
252.517,28.501399999999997,165.87017687369791,44.54236697386182,80.000000
249.39619999999996,26.2074,166.00474754947916,44.46257427990159,80.000000
252.7256,26.5014,171.56224579947917,45.310885641037835,80.000000
252.86999999999998,32.873999999999995,171.3140611744792,45.1698014986972,80.000000
252.43679999999998,30.016,165.2325367207031,44.34093916024712,70.000000
250.02999999999997,22.603599999999997,165.68877783789065,44.433703852377825,80.000000
253.93699999999998,32.8504,171.92482140559892,45.53991838007677,80.000000
252.26839999999999,31.5868,171.62470742708337,45.53733687698021,70.000000
253.72039999999998,22.4046,165.47350207291666,44.676203525179915,70.000000
252.9342,20.1536,171.82886141927074,45.551243991226585,80.000000
250.0862,26.404600000000002,159.46101293424482,43.934067240073375,80.000000
250.6706,22.458,165.04164168164058,44.737967678742315,80.000000
251.9462,22.5932,171.70660797851565,45.572101350995865,80.000000
251.37779999999998,21.5014,170.47266404101563,45.13731127834718,80.000000
251.3858,18.9398,165.192815186849,44.56483205401008,80.000000
253.08659999999998,20.5014,171.25037372656246,45.44232849631807,80.000000
251.52100000000002,20.942200000000003,165.704184,44.77634261803107,80.000000
253.01039999999998,18.303199999999997,165.63089308072915,44.71576818297727,80.000000
252.2282,17.874,170.972072655599,45.354911668539025,80.000000
252.76179999999997,21.0854,171.28136047591144,45.47690081979404,80.000000
251.81099999999998,31.104599999999998,171.02856155143235,45.46033526269315,80.000000
253.5118,23.560399999999998,165.78648199804684,44.79376056385568,70.000000
253.576,22.501399999999997,171.30919475911455,45.60292346810148,80.000000
252.2362,21.728399999999997,165.6108894680989,44.90283816683063,80.000000
250.9848,29.787,165.8507222942708,45.058635558822544,80.000000
252.2362,31.9266,165.68511639583332,44.969624259305974,80.000000
252.6614,21.5604,165.61115267252606,45.02710732978064,70.000000
254.99999999999997,19.957,165.82465311718747,45.19507152567518,80.000000
253.72039999999998,21.287599999999998,171.42316546484378,45.79312662860444,80.000000
253.1508,26.728399999999997,170.8138611419271,45.79212825402189,80.000000
251.43399999999997,19.3794,165.2390554615886,45.18494984445211,80.000000
252.3004,16.586799999999997,165.85093257877602,45.21065967404519,80.000000
251.3858,31.072200000000002,170.759734891927,45.44135737452669,80.000000
251.81099999999998,27.6522,165.500051703125,44.851563935943524,70.000000
251.81099999999998,27.593200000000003,165.59223637109375,44.794117711752634,80.000000
252.48499999999996,20.1536,166.10023534635414,44.8298830168658,80.000000
253.70039999999997,33.8046,171.55306267513015,45.70779552944798,80.000000
250.6706,33.3598,170.78877984960937,45.63535472007196,70.000000
250.96059999999997,25.955,165.51366599609372,44.88999403992473,70.000000
252.83399999999997,21.8584,170.42111787630205,45.466017209979164,80.000000
251.64659999999998,25.8584,165.86431680338544,44.8890459883958,80.000000
252.47299999999996,30.516999999999996,171.39149595052083,45.5143165042008,80.000000
251.0958,23.4516,165.56484416276044,44.59632432697496,70.000000
250.72799999999998,27.0,165.81113346223958,44.488233507288825,80.000000
251.43399999999997,27.8564,171.04371909700524,44.891163106671435,80.000000
252.86999999999998,29.168,170.87925789908846,44.92903619574327,70.000000
251.81099999999998,24.438000000000002,165.24501861067708,44.45252044385664,70.000000
251.81099999999998,24.5014,165.52941395117185,44.53470704762326,80.000000
251.84319999999997,20.0722,165.57782888997406,44.59046501260771,80.000000
253.26719999999997,26.348999999999997,170.62012595182293,45.15193596371524,80.000000
254.63899999999998,30.0092,170.45132882031245,45.29737031266576,70.000000
251.3858,19.5014,165.82848152669268,45.06628364734894,70.000000
251.35379999999998,27.9422,165.65976112239582,45.008474975158755,80.000000
250.96059999999997,26.0598,170.64537814908854,45.60278363352359,80.000000
253.19499999999996,24.692,165.58712520572917,45.15377078092145,70.000000
252.6614,26.161599999999996,165.6446480722656,45.285138660772986,80.000000
253.19499999999996,22.652199999999997,166.44670570963544,45.40514006113513,80.000000
254.56679999999997,24.3754,171.3451810911458,45.93871072726888,80.000000
253.33939999999996,26.153599999999997,170.34314482682282,45.6605510585379,80.000000
251.73879999999997,19.939799999999998,165.55932513281252,45.36688167800812,70.000000
252.6614,27.7726,165.64811677604163,45.52690643957489,80.000000
252.7256,26.525000000000002,165.35630069140626,45.43378896772591,80.000000
253.08659999999998,30.244199999999996,165.24952847981774,45.473589922894845,80.000000
253.12279999999998,24.874,165.37594844856773,45.47123805914269,70.000000
252.44079999999997,26.7456,165.60471048307295,45.532483775446515,80.000000
251.81099999999998,24.618399999999998,165.52417978125,45.6279332205667,80.000000
253.12279999999998,23.2294,165.21672860091144,45.664685020928125,80.000000
253.12279999999998,28.2378,170.23853043033847,46.280316118216845,80.000000
253.2952,19.7822,169.82379030338544,45.98681724142931,70.000000
252.86999999999998,24.950199999999995,170.0848283476562,46.2752549528237,80.000000
252.37659999999997,31.0264,164.89450243033852,45.73753556263767,80.000000
253.08659999999998,26.0854,170.74549503645832,46.19584134898553,70.000000
252.33259999999999,17.0922,164.9559490976563,45.34914399133421,70.000000
251.3858,25.6326,170.98573727604165,46.07423117707072,80.000000
253.26719999999997,27.636599999999998,170.81434785807286,45.91986206375831,70.000000
253.08659999999998,18.8584,165.3440628828125,45.475906990988214,70.000000
252.06379999999996,24.0598,165.55043193098953,45.46250461640528,80.000000
251.16400000000002,26.586799999999997,165.13807345052084,45.50109830555366,80.000000
252.517,25.4516,169.9300265130209,45.80705904061309,80.000000
253.08659999999998,31.4832,169.83885288085938,45.70832668604921,70.000000
252.90619999999996,19.0092,170.24627230859372,45.87498210985592,70.000000
252.90619999999996,29.116999999999997,170.17163996158854,45.87567333809855,80.000000
252.90619999999996,33.3032,170.04703518098958,45.81613338959407,70.000000
252.83399999999997,29.728399999999997,170.32991856380207,45.928875157318714,70.000000
253.07459999999998,23.6546,164.9312698294271,45.18236877137934,70.000000
252.6936,16.7826,170.62166871419268,45.860912967522715,80.000000
251.3858,13.0922,170.21155700065103,45.554009775116434,80.000000
253.2952,18.586799999999997,170.61806797265626,45.84322989014042,80.000000
253.48379999999997,17.5106,170.0395344720052,45.69677465411437,80.000000
251.3858,23.016000000000002,170.2610921178385,45.90365665121785,80.000000
251.81099999999998,27.739199999999997,164.8472801230469,45.41768345939821,70.000000
252.7256,19.1828,170.71429300260414,46.1973510696329,70.000000
252.6614,23.8046,170.14315493359373,45.95803773969128,80.000000
251.93539999999996,33.3056,169.53345784179686,45.69462904757056,70.000000
253.26719999999997,34.5014,170.9242785091146,46.21014714896114,70.000000
252.2362,23.9266,170.73352623046878,46.113189258672556,70.000000
251.81099999999998,25.652199999999997,164.23444355208338,45.15018361023164,70.000000
252.1228,26.455599999999997,165.19873738802076,45.73132691068538,70.000000
251.8752,25.669399999999996,169.6832352363282,46.080249258971364,70.000000
252.6614,18.4412,170.17534163151043,46.11407830606775,70.000000
253.12279999999998,25.494999999999997,170.1647251510417,46.03321101024499,80.000000
252.90619999999996,30.844,170.13104896028648,46.1786365953406,70.000000
253.12279999999998,27.372999999999998,170.54790318033855,46.187034320395064,70.000000
252.62539999999998,34.663,170.14676932161458,46.01951339587486,70.000000
251.59439999999998,24.3794,170.6750136640625,46.25105242579352,70.000000
252.86999999999998,26.8046,170.53722415104164,46.231396754114485,70.000000
252.58519999999996,29.342599999999997,165.19244411393225,45.539226965806066,70.000000
252.90619999999996,21.974999999999998,165.21921601692702,45.32043721141528,70.000000
253.19499999999996,16.510599999999997,170.45056696289066,45.936953484086,80.000000
252.62939999999998,27.850399999999997,170.00532245768227,45.56105624352616,80.000000
252.6614,18.819,170.25139710221347,45.89009895809079,70.000000
252.65339999999998,16.299200000000003,170.32126085026044,45.93167366323009,70.000000
253.0786,21.874,170.14063298697917,45.683958932428,80.000000
251.81099999999998,19.613799999999998,170.3800982734375,45.60097910987574,70.000000
252.7256,27.9074,170.84820308593748,45.794784434522825,70.000000
250.74399999999997,30.458,170.72536484374996,45.63012356168368,70.000000
251.83919999999995,24.273600000000002,165.890394968099,45.04277186202412,70.000000
251.81099999999998,24.586799999999997,165.71626027278646,44.94635446766173,70.000000
254.99999999999997,22.525,166.20845741601556,44.93631101082868,70.000000
252.2362,28.5868,171.09347980989583,45.24885770451259,70.000000
253.08659999999998,23.102600000000002,171.07911369075526,45.391619474401445,70.000000
252.2924,25.3598,171.2911845813802,45.38927391674897,70.000000
252.58119999999997,23.206999999999997,170.59187790820312,45.39041955235051,70.000000
252.0196,20.2274,171.55576596158852,45.71520511309859,70.000000
253.5118,24.0,170.9716341295573,45.50429418927294,70.000000
252.2362,20.5628,171.61146132291665,45.63925528277873,70.000000
253.2952,30.501399999999997,171.02016983984367,45.35989043090599,70.000000
253.41559999999998,19.7846,166.42986002799478,45.222379509230116,70.000000
253.08659999999998,23.016399999999997,167.11800521875003,45.384948614968245,70.000000
250.51539999999997,23.6774,165.76699682682295,45.01848296873404,70.000000
253.2952,21.345,166.31418816731767,45.073390154511934,70.000000
251.9462,24.009199999999996,166.457681639974,45.137130295134114,70.000000
252.6614,22.2074,166.08330358789064,45.11812495712477,70.000000
252.7256,24.874,165.7633956360677,45.00116695239324,70.000000
251.0168,28.866,166.39519923502604,45.29369702353915,70.000000
252.47699999999998,25.7718,165.95510095312494,45.022922711844906,70.000000
251.803,23.985599999999998,165.88475194596347,45.10149602942303,70.000000
250.66379999999998,20.939799999999998,166.04471757486974,45.300744036178244,70.000000
250.6706,29.2968,165.64169303710938,45.34273394616364,70.000000
252.44079999999997,22.493000000000002,165.68627320117196,45.26201554815094,70.000000
251.3858,26.6202,165.48852212499997,45.450184914623236,70.000000
250.96059999999997,23.1616,165.44023791015627,45.223967410073605,70.000000
252.40079999999998,26.4954,170.60237238736974,45.833227539402365,70.000000
252.26439999999997,34.4516,170.36688272135416,45.71967736252027,70.000000
251.081,29.8194,165.60193634895836,45.326920535162834,70.000000
252.26839999999999,30.677399999999995,170.67375593489587,45.74511740139606,70.000000
250.94459999999998,16.164,170.06225407617188,45.592106551105985,70.000000
253.33939999999996,22.3598,170.17279763281252,45.316009903369086,70.000000
250.8002,30.0854,170.21659659244793,45.322020659504794,70.000000
253.26719999999997,30.782200000000003,170.0224276347656,45.20210328936702,70.000000
250.59959999999998,21.283599999999996,170.09794842903648,45.30645053353218,70.000000
250.37099999999998,25.939799999999998,170.60252318229166,45.76444978886315,70.000000
252.44879999999998,22.3598,170.46707913151045,45.891384644115234,70.000000
253.55599999999998,21.630599999999998,164.43302934700517,44.986005508804524,70.000000
251.6586,21.9936,170.21883813020833,46.036582529134286,70.000000
250.7842,24.593199999999996,165.7630347519531,45.688722635142774,70.000000
252.64939999999999,26.5014,164.9805694505208,45.317041592311156,70.000000
253.26719999999997,25.379399999999997,170.92691804492188,46.27763787086683,70.000000
253.62819999999996,30.1026,165.21602187109374,45.58299779867594,70.000000
251.426,24.804599999999997,170.2177749830729,45.98469419485089,70.000000
251.3738,23.168,170.53124390755204,46.155183753146105,70.000000
253.70039999999997,20.590799999999998,170.7465754863281,46.22700268795297,70.000000
252.48499999999996,23.9936,165.17761276822915,45.684434186488595,70.000000
250.9366,26.683799999999998,170.08587264388024,46.263168552249056,70.000000
252.20019999999997,26.296799999999998,170.22948513736978,46.39193185471728,70.000000
250.53539999999998,23.0332,169.91421544010416,46.0892549803134,70.000000
252.55719999999997,31.364199999999997,170.20429976236974,46.154081361029384,70.000000
250.7962,29.1292,169.68429818815102,45.916577912404094,70.000000
251.0248,31.416800000000002,169.65087259440102,45.85795798329081,70.000000
252.15199999999996,27.2836,169.7882185279948,45.81157029110229,70.000000
253.48379999999997,26.669400000000003,169.76965812565098,45.84152941338688,70.000000
251.418,26.6984,170.37140830664057,46.17237172170398,70.000000
253.48379999999997,22.3966,170.0038842200521,46.09654907588092,70.000000
252.862,29.9502,170.1790681204427,45.95279983693082,70.000000
251.8752,23.2968,170.15915036393224,45.808568548820425,70.000000
252.76979999999998,28.814999999999998,170.16117644791663,45.72679779372821,70.000000
253.70039999999997,24.2836,169.9601193645833,45.445291483626136,70.000000
253.26719999999997,27.7388,169.82893741992189,45.47912462023961,70.000000
253.55599999999998,23.303199999999997,170.2713907630208,45.63294981457022,70.000000
251.5904,25.3208,170.08422621289066,45.74285416070651,70.000000
251.3858,26.303199999999997,171.28286230664062,46.23495798761772,70.000000
251.69879999999998,26.939799999999998,165.8409191927083,45.581785977975436,70.000000
251.81099999999998,20.7284,166.04208746158858,45.63359592594042,70.000000
252.509,18.636599999999998,165.58821668294266,45.30795165212867,70.000000
252.862,17.872,170.3722549121094,45.78942005143444,70.000000
251.16119999999998,27.0618,170.21177983007817,45.91423653797069,70.000000
251.48619999999997,27.939799999999998,170.3911819576823,45.911371017812684,70.000000
252.86999999999998,18.590799999999998,170.2841162050781,46.057497819506565,70.000000
252.55719999999997,25.7822,170.54009306315106,46.24225718019052,70.000000
253.26719999999997,27.999999999999996,170.84124744986974,46.312113514770786,70.000000
252.7176,28.7718,170.61448544466143,46.374661070579464,70.000000
250.748,24.5396,165.42187067643226,45.809751902389145,70.000000
251.446,27.287599999999998,165.70329494335937,45.811220848215655,70.000000
250.15839999999997,18.287599999999998,166.02319833268228,46.071929097698835,70.000000
251.3858,22.8584,165.2916889427083,45.76335976140469,70.000000
253.33939999999996,27.5912,165.3996153554687,45.86171950165094,70.000000
253.48379999999997,21.6522,170.49705100130214,46.11759155484002,70.000000
252.2122,22.9482,170.20532981835933,46.0795143373864,70.000000
253.48379999999997,30.2876,170.54328726041663,45.9487404370429,70.000000
253.55599999999998,28.072199999999995,169.80766110156245,45.78607812189165,70.000000
252.7256,30.255,170.81011689388018,46.07247202926921,70.000000
251.803,22.8808,170.22457853320313,46.01443372364801,70.000000
250.52739999999997,26.5106,165.14582016666668,45.74619698693018,70.000000
253.41159999999996,23.607599999999998,165.50563272200523,45.72077112004959,70.000000
251.5784,31.296799999999998,164.72113817968756,45.49560047996038,70.000000
252.0196,30.0854,170.47387892057287,46.156893322851616,70.000000
250.96059999999997,29.957,165.30306720052081,45.384146689592505,70.000000
252.76579999999998,22.814999999999998,165.21919177473956,45.215978537264924,70.000000
252.65339999999998,26.891199999999998,171.5186689212239,46.26582743753748,70.000000
253.12279999999998,27.7128,165.4829840032552,45.421765392467606,70.000000
251.0128,15.939799999999998,165.3239714296875,45.55103628372,70.000000
251.08899999999997,20.1536,165.43113091080733,45.36483138606961,70.000000
253.33939999999996,23.7284,165.54871780273444,45.911768062568164,70.000000
253.4878,24.586799999999997,165.48949659244784,46.13046410274774,70.000000
252.11999999999998,23.7216,165.84338801692704,46.28594377844197,70.000000
253.12279999999998,31.639,170.89560925065106,46.679078593502425,70.000000
253.3474,28.3032,165.6549990188802,45.93744807233475,70.000000
252.47699999999998,23.0092,170.77038348046872,46.67108426773427,70.000000
250.59959999999998,22.3032,164.75014581380208,45.80042321958508,70.000000
251.0168,25.091799999999996,170.75685785872395,46.71925133286433,70.000000
250.51139999999998,28.379399999999997,164.85936858072918,45.83319737724181,70.000000
249.2318,20.016,164.23913582682295,45.61158628327098,70.000000
250.25059999999996,24.517400000000002,165.10513568489583,46.15522763349639,70.000000
252.0236,23.957,170.40592459309897,46.690613285851136,70.000000
249.09139999999996,24.299199999999995,159.32835548828118,45.54116053870095,70.000000
253.19499999999996,18.0854,170.42347243359373,46.880468384003976,70.000000
251.91139999999996,26.102599999999995,164.60417594986978,46.0447278125816,70.000000
253.08659999999998,19.026400000000002,170.13841752148434,46.733982292845496,70.000000
251.2832,23.618399999999998,170.05449549023436,46.60485076563245,70.000000
251.3858,16.874,170.0270283391927,46.63628365152505,70.000000
252.0838,26.1002,170.45575336523433,46.63298943880923,70.000000
253.55599999999998,28.939799999999998,170.37451645052082,46.50333584787805,70.000000
252.25639999999999,19.153599999999997,170.1648569088542,46.55047753185587,70.000000
249.7412,22.525,164.77435321940104,45.90811561949526,70.000000
251.2054,24.3902,170.07237586067703,46.514349248388314,70.000000
253.77259999999995,27.394199999999998,170.18248948307289,46.574205721537474,70.000000
251.0958,27.586799999999997,164.67375683919272,46.0267978694751,70.000000
253.33939999999996,25.3032,164.58180550911456,45.97240509494802,70.000000
250.96059999999997,20.8564,163.99312873502603,45.69589764330447,70.000000
253.5118,26.9936,164.6659319108073,45.92388418484109,70.000000
253.70839999999998,20.8808,164.84010353776046,45.8350242600316,70.000000
252.86999999999998,23.7684,170.32934962955724,46.55663794164936,70.000000
253.05059999999997,27.359799999999996,169.5359820214844,46.501149167299246,70.000000
252.3004,27.303200000000004,169.5685971477865,46.37173244552271,70.000000
252.2362,19.8584,164.3814425332031,45.90640269356297,70.000000
253.12279999999998,18.287599999999998,169.5162049375,46.54660892930157,70.000000
252.7966,25.9266,169.07692761328127,46.394389027138814,70.000000
250.96059999999997,16.6522,169.95467519335938,46.511372040325085,70.000000
250.8404,23.679799999999997,163.79178336067707,45.33713694938557,70.000000
252.76179999999997,23.0,165.36185772070317,45.931349524079344,70.000000
253.33939999999996,23.5014,170.40501267187497,46.560613647547484,70.000000
251.6214,16.5014,164.44366174153646,45.67117197701879,70.000000
252.47299999999996,14.950199999999999,170.27064409765623,46.430527238057415,70.000000
252.0196,23.016000000000002,169.72590389778645,46.124838508007535,70.000000
253.41159999999996,30.1828,170.3516185481771,46.425800277023555,70.000000
252.2362,29.1616,170.76308858723957,46.459296205531565,70.000000
252.6614,23.6694,170.33228352669275,46.19866211985285,70.000000
252.6936,22.2876,170.35070383789065,46.32824192475126,70.000000
253.2952,21.1788,170.58117398307292,46.42872975804685,70.000000
251.81099999999998,28.939799999999998,170.01842942578125,46.3440476925796,70.000000
252.47299999999996,30.026399999999995,170.22293991666672,46.47039802048023,70.000000
253.08659999999998,18.91,170.33471788997394,46.61433405348056,70.000000
252.87399999999997,29.8744,170.10067669205728,46.43209099678692,70.000000
253.08659999999998,29.0922,164.9725352252605,45.91362466058529,70.000000
252.7966,20.590799999999998,164.8497187252604,45.74790932436152,70.000000
253.26719999999997,26.2836,169.70730559375,46.33412888051993,70.000000
252.65339999999998,28.5318,170.26132366341145,46.36553095198329,70.000000
252.0116,27.8442,169.9652007695312,46.19520197589077,70.000000
252.65339999999998,28.5106,170.0198316770833,46.27244799668091,70.000000
252.11999999999998,24.891199999999998,170.22356756184897,46.386442547034186,70.000000
253.93699999999998,16.5014,170.1470454309896,46.36832259561418,70.000000
251.9462,21.9398,169.81903766536456,46.483272291551394,70.000000
252.98639999999997,21.102600000000002,164.9802057532552,46.04561169424012,70.000000
251.81099999999998,27.6694,169.9434960026042,46.45776860844794,70.000000
252.2832,24.531399999999998,170.55972541796876,46.35245538810646,70.000000
251.803,21.3032,170.37516397786453,46.547220407243515,70.000000
252.6936,22.5318,169.9027591692708,46.39806646875624,70.000000
252.90619999999996,18.3754,169.3821429550781,46.36331219531186,70.000000
252.862,25.2298,170.15402730533856,46.456030098437935,70.000000
250.96059999999997,26.6326,169.14244523242186,46.32499674647227,70.000000
253.08659999999998,29.2442,167.73208478059894,46.071308765735715,70.000000
253.08659999999998,23.0698,168.92205513476563,46.242397738232555,70.000000
252.509,20.0722,169.08907875781244,46.39676785036172,70.000000
252.36859999999996,19.2876,169.53682896744786,46.41875833915461,70.000000
250.11019999999996,24.9266,164.14039345507817,45.838171168085815,70.000000
251.81099999999998,29.303199999999997,169.53789472916668,46.3232838095073,70.000000
253.2952,24.016000000000002,169.4410295716145,46.23955959553644,70.000000
251.3858,25.0,169.0647276308594,46.2187252756915,70.000000
253.2952,24.197,169.7013697838542,46.40742530026616,70.000000
251.84319999999997,28.7368,168.68725996419272,46.2299543998544,70.000000
253.2952,17.5932,168.56811525065103,46.22189999027961,70.000000
252.2362,21.0408,167.8715652610677,45.98518939794052,70.000000
252.2362,23.4408,169.83773482096348,45.81258938709638,70.000000
252.22019999999998,14.3598,169.8618152923177,46.685256945559765,70.000000
251.3698,13.874399999999998,169.52387145507814,46.33914930959304,70.000000
251.3858,23.104599999999998,169.31614920182292,46.55946849022995,70.000000
254.42239999999998,20.0702,168.29450277929686,47.05774814544879,70.000000
252.6614,13.939799999999998,169.26515035416668,46.25251780820149,70.000000
252.3004,23.1376,171.14198763736982,45.19435114122396,70.000000
252.6614,27.4188,170.2843666588542,45.438380305147824,70.000000
251.52100000000002,28.3754,169.76661854622392,45.833425140857656,70.000000
252.2362,22.5426,170.3422186263021,45.65679497570209,70.000000
251.3858,15.1616,170.70201914192705,45.67708899188586,70.000000
253.19499999999996,17.0766,170.46083825846358,45.44509412458052,70.000000
252.26839999999999,21.0722,170.7175215527344,45.72086703014179,70.000000
252.6614,20.7084,170.65098839778645,45.893108501524345,70.000000
252.6614,17.939799999999998,165.3784583697917,45.33420778989458,70.000000
252.2362,23.346799999999998,170.94302339062503,45.87749562133306,70.000000
252.0598,21.2992,170.88325601432294,45.96784698491868,70.000000
250.63579999999996,18.3056,165.29744678515618,45.291900416024454,70.000000
251.2334,15.874,165.4864412311198,45.395701261775194,70.000000
252.0236,17.4412,165.51861588020833,45.53559141856155,70.000000
252.7256,17.375,165.4808712910156,45.600830107510305,70.000000
253.08659999999998,16.2442,165.77249549023438,45.66082297343536,70.000000
253.19499999999996,19.8584,170.68982431315098,46.09493183184724,70.000000
252.97839999999997,18.389799999999997,165.32824662955736,45.527588536701025,70.000000
253.5118,15.4336,165.966658046875,45.567911360008246,70.000000
252.2362,20.5106,170.22135103320315,45.58507934878575,70.000000
253.26719999999997,23.0918,170.47467031575525,45.67410524412742,70.000000
253.26719999999997,17.0092,165.16291861718747,45.17396016067523,70.000000
252.6614,22.738799999999998,165.55564134765615,45.33641639091073,70.000000
253.26719999999997,15.375399999999997,170.7325232076823,46.01130863591413,70.000000
